[[-1.55373852e-02]
 [ 7.47873375e-02]
 [-3.23123887e-03]
 [ 3.86579444e-02]
 [ 5.30707589e-04]
 [ 3.27959068e-02]
 [-3.87101735e-02]
 [-5.68663673e-05]
 [ 4.34499188e-02]
 [-2.05607216e-02]
 [-2.05501640e-04]
 [ 1.31778255e-03]
 [ 3.32737660e-02]
 [ 7.03877407e-02]
 [-5.17293836e-02]
 [ 6.05231700e-03]
 [ 3.63308312e-02]
 [ 3.64813241e-02]
 [-8.97758117e-04]
 [ 3.91850402e-02]
 [ 9.70638224e-03]
 [ 6.02482503e-02]
 [-7.24358429e-03]
 [-1.70366226e-02]
 [-1.18170306e-02]
 [-9.89471176e-03]
 [ 3.50387636e-02]
 [ 4.25912300e-03]
 [ 2.73874611e-03]
 [ 1.18403825e-01]
 [ 3.34969346e-02]
 [-9.38273022e-03]
 [-2.51855878e-02]
 [ 1.42606173e-02]
 [ 3.76946390e-02]
 [ 5.11968872e-03]
 [-6.21945483e-03]
 [ 3.75732020e-02]
 [ 5.05690369e-03]
 [ 2.10803614e-02]
 [ 4.38019945e-03]
 [-2.01561847e-02]
 [ 9.43478490e-03]
 [ 8.09793346e-03]
 [-7.19543046e-03]
 [-8.26956315e-03]
 [ 2.52699218e-02]
 [ 4.51028161e-02]
 [ 4.30623293e-02]
 [-1.48612608e-02]
 [-1.98796365e-03]
 [ 1.32645726e-02]
 [ 3.05537972e-02]
 [-9.00538688e-03]
 [-2.69525880e-02]
 [ 4.32432939e-02]
 [-3.11096161e-02]
 [ 2.49912972e-02]
 [-2.84192517e-03]
 [ 3.13008000e-02]
 [ 9.43639085e-02]
 [ 3.44348380e-02]
 [ 1.91900786e-02]
 [ 1.38080643e-02]
 [-2.08598038e-03]
 [ 1.30008820e-02]
 [ 2.63874668e-02]
 [-1.17131182e-02]
 [ 1.49971969e-02]
 [ 1.45786062e-02]
 [ 3.63212580e-02]
 [-1.68956306e-02]
 [ 2.81029407e-03]
 [-4.27163146e-03]
 [ 1.14931663e-02]
 [ 1.24045987e-03]
 [ 1.57350881e-02]
 [ 1.54275959e-02]
 [ 4.36316274e-02]
 [-6.84854048e-03]
 [ 9.79362660e-03]
 [ 3.80287629e-02]
 [ 7.90085100e-02]
 [ 6.11926308e-02]
 [-2.73693915e-02]
 [ 6.26637258e-03]
 [ 1.71733950e-02]
 [ 3.72900410e-02]
 [ 4.49152027e-02]
 [ 7.86155079e-03]
 [ 6.41551886e-02]
 [ 2.95175747e-03]
 [-4.41412075e-02]
 [-8.27163535e-03]
 [ 4.90352544e-02]
 [ 1.24352389e-02]
 [ 3.61717704e-02]
 [-1.55687563e-02]
 [ 2.71160308e-02]
 [-1.62936598e-02]
 [ 7.47939889e-02]
 [ 7.17958069e-02]
 [ 9.48505002e-03]
 [ 6.17259724e-02]
 [ 1.22133021e-02]
 [ 1.04451229e-02]
 [ 4.49033585e-02]
 [ 3.50679702e-02]
 [-1.92422652e-02]
 [-5.47608996e-03]
 [-2.00417282e-02]
 [ 4.03407110e-02]
 [ 1.96347307e-02]
 [ 3.15497284e-02]
 [ 2.02343177e-02]
 [ 1.79589859e-03]
 [ 8.90002594e-03]
 [ 1.05573208e-02]
 [ 9.98222122e-03]
 [ 8.64830202e-02]
 [ 2.75201142e-02]
 [ 1.74276459e-02]
 [ 4.26014720e-02]
 [ 2.70919817e-02]
 [ 5.88262921e-02]
 [ 8.96826633e-03]
 [ 1.75435481e-02]
 [-6.93919774e-02]]