[[ 0.07863708]
 [ 0.0203873 ]
 [ 0.00695406]
 [ 0.01542006]
 [ 0.06753583]
 [ 0.01278944]
 [ 0.01461476]
 [-0.04064799]
 [ 0.03082786]
 [ 0.01597788]
 [ 0.01544391]
 [-0.0009109 ]
 [ 0.00719779]
 [-0.00260463]
 [ 0.01829836]
 [ 0.02555123]
 [ 0.01775494]
 [ 0.02503771]
 [ 0.09605226]
 [-0.00188297]
 [-0.00327277]
 [-0.00372301]
 [ 0.07893723]
 [ 0.07587062]
 [ 0.07095064]
 [-0.00078834]
 [ 0.04992965]
 [-0.00530357]
 [ 0.07307516]
 [ 0.05272729]
 [ 0.00376325]
 [ 0.01543651]
 [ 0.05032261]
 [ 0.04984496]
 [ 0.00325962]
 [ 0.01733692]
 [-0.02795081]
 [ 0.01203933]
 [ 0.05564989]
 [-0.02333044]
 [-0.01089214]
 [ 0.01783179]
 [ 0.0003537 ]
 [ 0.03975121]
 [ 0.01768357]
 [ 0.03593583]
 [ 0.05204957]
 [ 0.03688823]
 [-0.0456996 ]
 [ 0.00054617]
 [ 0.01534779]
 [ 0.01026578]
 [ 0.01461522]
 [-0.00060045]
 [ 0.03395448]
 [ 0.03468531]
 [-0.0196626 ]
 [-0.06125053]
 [ 0.0381049 ]
 [-0.01039817]
 [ 0.00870034]
 [ 0.00307005]
 [ 0.00443196]
 [ 0.03727655]]