[[ 9.32412432e-02 -4.07564727e-01 -3.15817028e-01  1.11877974e-01
   2.73526399e-01 -3.23639548e-01  4.69189543e-01 -4.26449419e-01
  -2.06380003e-01 -2.70400307e-01  1.37763109e-01 -3.81255032e-02
   9.29708275e-03  7.33103133e-02 -6.02169720e-02 -4.29147832e-01
  -3.27090007e-02  9.46990150e-02 -1.40083611e-01  1.17903663e-01
  -1.19587225e-01  2.98122688e-02  6.22646641e-02 -5.60813742e-02
  -1.96545709e-01 -1.84282492e-01 -2.01505550e-01  2.34173176e-01
  -8.27616265e-02 -1.69498654e-01  8.91656199e-02 -4.11822360e-01
  -3.21815163e-01  1.94504914e-01 -1.96030003e-01 -7.12270914e-02
   3.58729129e-01  6.71926694e-03  1.06301234e-01 -3.20721060e-02
   5.64262373e-02 -9.04545093e-02 -2.77758252e-01  7.07217440e-02
  -8.84812982e-02  2.21229563e-01  2.69894513e-02 -1.18386030e-02
   6.87364377e-01  3.22445271e-01 -1.51389072e-01 -1.21459540e-02
   7.59030739e-02  5.59605473e-02 -1.93669097e-01  1.84144140e-01
  -2.11530922e-02  6.79051066e-02  2.45389607e-02 -1.30720116e-01
  -1.57779325e-02 -1.70520143e-01  2.14171770e-01  1.40593674e-02]
 [-5.19249285e-03  2.75826161e-01  2.47515037e-01  1.50494540e-01
   3.57769900e-01 -4.36833101e-02 -1.00639390e-01  3.91402446e-01
   3.63894171e-01 -2.52452066e-02  5.23780365e-02  1.91017603e-01
  -1.48481651e-01 -9.57683649e-02  3.41586395e-01 -2.63476867e-01
   5.29107067e-02  2.96024734e-02 -2.08377400e-01  1.67555226e-01
   1.76119981e-01  1.00387641e-01  2.77997967e-01  3.20743509e-02
  -2.01061547e-01 -2.60032261e-01 -5.59603022e-02 -1.39030996e-01
   5.55277692e-02  1.80097830e-02  3.26613888e-01  2.57340871e-01
  -7.16067711e-02 -9.59211139e-02  2.22810068e-01  4.04674798e-01
   4.05527136e-02  4.18903686e-01  2.01020241e-01  1.73532819e-02
  -8.40318709e-02  1.15845348e-01  8.52239588e-02 -3.85600411e-01
   2.02945570e-01  2.04023410e-01 -4.38576726e-01  4.45705093e-02
  -1.34689261e-01  9.26312133e-02  3.07623130e-01  1.74457884e-01
  -3.91345224e-01  1.79773624e-01  8.75868140e-02  4.27211125e-01
  -4.18480505e-01 -5.27707858e-01 -2.25092910e-01  3.96008235e-02
   6.39183774e-02 -1.31147203e-01  1.77574610e-01  3.91675311e-01]
 [ 1.65131739e-01 -7.51940923e-02  1.92056693e-01  6.39611143e-03
   4.34480716e-01  2.70229923e-01 -1.84117553e-01  6.07903812e-02
   1.57483571e-01 -3.10779255e-01 -1.28950839e-01 -1.75759383e-01
  -9.62542934e-02 -1.00773097e-01  3.17055701e-02  4.60028750e-01
  -2.82050484e-01 -2.70118440e-01  2.12150601e-01  2.90976406e-01
   2.74377858e-01 -2.87066577e-01 -2.31462192e-01 -2.62777561e-01
  -5.33721503e-02  1.09744896e-01 -7.39894350e-02 -3.37961445e-02
  -3.21383479e-02  3.23225890e-01  3.01784337e-01 -5.05396800e-01
  -5.42619903e-03 -2.41270735e-01  1.31207524e-01 -3.97049772e-01
   1.42866788e-01 -8.95955664e-02 -1.49974716e-01  4.50474648e-02
  -1.98682525e-01 -3.84912140e-01  1.15406570e-01 -4.81725501e-01
   5.64354179e-02 -1.47458596e-03 -4.21158631e-01 -1.56283344e-01
  -7.20597486e-02 -1.16585979e-02 -3.71844560e-02 -1.41805803e-01
   1.78162916e-01  1.08010495e-02  2.14342389e-01  4.40253199e-02
   4.83111894e-01  3.72221456e-01  3.87137841e-01 -2.46701379e-01
  -6.55904419e-02 -3.90934046e-01  3.81694225e-01 -5.64563960e-03]
 [-2.68478342e-01 -6.35319774e-02  2.00939073e-01 -1.82473463e-01
   1.97455631e-01  5.63586015e-02 -3.15266231e-01  1.98186615e-01
  -2.68844679e-02  7.64776063e-01  4.05255235e-02 -1.84675277e-01
   2.12200892e-01 -2.37059002e-02  2.63208982e-01  1.32180779e-01
  -4.48158534e-01 -3.27966881e-01 -2.81098049e-01 -1.46382277e-01
   1.50308263e-01  5.40422519e-02  1.19462149e-01 -3.18460217e-02
  -2.35836699e-01 -1.35233256e-01 -1.34020639e-01 -3.51257688e-01
  -5.24406990e-01  2.12031501e-02 -2.06994951e-02 -2.09527245e-02
  -2.09513698e-02  3.24163569e-02  3.63918325e-01 -1.95884417e-02
   2.00576349e-01 -4.42866669e-01 -9.62349903e-02  1.92229359e-01
  -2.59678422e-02  2.17716834e-01 -1.03222906e-01  4.21158176e-01
  -2.21399319e-01  1.02277999e-01 -5.05074156e-01  2.79262444e-01
  -1.57068798e-01  1.16381657e-01 -3.11889927e-01  3.62836483e-01
   5.36680475e-01  4.59597349e-02 -8.28669289e-02  3.23056371e-01
   2.22198643e-03  3.36697367e-01 -2.90354883e-01  2.56296178e-02
  -2.44919781e-01 -2.08311506e-01 -1.58695955e-01 -2.76622301e-01]
 [ 1.41170000e-01  1.24045822e-01 -1.07112797e-01  9.80235526e-02
  -4.15941565e-01 -1.45900523e-01 -3.30619694e-02 -1.71585587e-01
  -3.30909042e-02  2.15619593e-01  1.46785310e-01 -3.04487156e-01
   3.49937567e-02  1.62015200e-01  3.16223982e-01  3.25381528e-01
   4.10186834e-01  8.51338146e-02 -4.45926406e-01 -2.00974155e-01
  -1.62313820e-01  2.54065000e-01 -1.08782121e-01 -2.14182884e-01
   1.02854967e-01  2.56192451e-02  2.47615822e-01 -3.22304333e-01
   6.10064410e-02 -3.26092368e-02 -9.20365212e-02  5.32610818e-02
   5.38388316e-01 -3.40775315e-01  2.48439997e-01 -1.10696473e-02
  -7.47602344e-02  1.77846735e-01 -2.87829485e-01 -1.73787861e-01
  -2.65081102e-01  5.36804682e-02 -1.08323928e-01 -2.67932762e-02
   1.31173706e-01  9.76822909e-03  8.59010928e-01 -5.97195188e-03
   3.52044482e-02  7.74225296e-02  2.77867574e-01 -1.29015963e-01
  -2.84956809e-01  8.41483971e-02  2.03680553e-01  1.42113010e-02
   1.67146654e-01 -2.60231213e-01  2.35971835e-01 -4.14915602e-02
  -2.86398026e-01 -7.28006998e-02  1.16352648e-01  2.18247143e-02]
 [ 2.05619158e-01 -3.71475960e-01 -9.33180549e-02  2.57017542e-01
   1.70412039e-01 -1.10506857e-01 -1.77528935e-01 -4.31794008e-01
  -1.99828345e-01  6.68733621e-02 -4.07292483e-01 -1.63097321e-01
   2.56056342e-03  3.23875189e-01 -5.64825289e-02 -1.11462225e-01
   6.64441483e-02  8.75719182e-02  2.41791431e-01 -1.13880144e-01
   4.94479171e-02 -1.97594890e-01  6.40977683e-02  5.34665545e-01
   1.46645314e-01  1.88002763e-01  5.06354985e-01 -2.59424271e-01
   5.91988345e-02  3.19588146e-01 -3.05919142e-01  1.23158718e-01
   2.30484407e-01  5.96563887e-03 -1.47456699e-01  1.25178128e-01
  -5.02903071e-01 -1.60587063e-01  3.16973078e-02  4.15333782e-03
  -6.33838677e-02  1.01273481e-01  1.20741751e-01  2.03364932e-01
  -1.60011345e-02  3.46507077e-01  2.97342917e-02  3.16495914e-01
  -1.52204236e-01 -1.42044119e-01 -3.56032790e-01 -2.34870555e-01
   5.95405853e-01 -2.93317842e-01  4.69069926e-03 -9.22375383e-02
   6.53691634e-02 -5.80968455e-01  3.53648469e-01  4.45926688e-02
   2.67956184e-02 -1.12804400e-01  1.30454428e-01  2.38332426e-01]
 [-1.11572152e-01 -1.47692346e-01  4.59869930e-01  2.57340317e-01
  -3.39689188e-01  4.06542237e-01  4.05075022e-01  7.08275151e-02
   2.42965170e-01 -2.86567258e-02 -1.36866465e-01  6.59170905e-02
   1.39371487e-01 -4.40310307e-01 -1.28184054e-02 -1.61762562e-02
   2.53505590e-02  2.38873495e-01  4.18647769e-02 -1.24828440e-01
  -2.16387216e-02 -3.47005545e-03 -2.22463500e-01 -1.54044256e-01
  -6.67974704e-03  1.90867991e-02 -1.10509613e-01 -2.93363827e-01
  -1.78979941e-01 -1.15845485e-01  3.07242081e-02  4.60456674e-01
   1.21131236e-01 -6.22587255e-01  3.00612565e-02  1.12636264e-01
  -3.75086009e-01  2.79027203e-01 -1.45141093e-01 -1.23019567e-01
   3.18630110e-02 -3.95008341e-01 -8.47673497e-02 -2.65055143e-01
  -1.65379694e-01  2.34598111e-01  1.00617605e-01  1.65746712e-01
   4.81528115e-01  2.27024556e-01  2.49768773e-01  1.53689716e-02
   1.60650718e-02  2.90920149e-01 -3.23767971e-01  3.91680416e-01
   1.63580383e-01 -4.13963237e-01  3.18859850e-02  3.05119988e-03
   2.54947386e-01 -3.53254623e-02  1.00931730e-01  2.54893244e-01]
 [ 4.76879346e-01  5.44293451e-01 -2.61039308e-01 -2.18326814e-02
  -3.28230142e-02  2.04310616e-01 -2.82112941e-01 -6.10833520e-02
   3.00165614e-03  7.76908635e-03 -1.34933900e-01 -7.94372772e-02
  -2.08757119e-02 -5.10306031e-01 -1.24352176e-02  1.06908984e-01
  -4.08895940e-01  2.02694551e-02 -7.42660720e-02 -6.36909588e-03
  -3.89378694e-01  2.22933236e-01  2.18224391e-01 -1.13096023e-01
   1.59874857e-01 -3.69724890e-01 -7.21927710e-02 -7.42691817e-02
   4.29606207e-01 -3.58500423e-03 -5.83607306e-02  3.33086022e-04
   1.84210567e-01  4.64288934e-02 -1.09224383e-01 -1.49361059e-01
   1.43740952e-01 -1.28472040e-01  4.30201461e-01  3.09341650e-02
   1.77141630e-01 -3.26561143e-01  1.48418520e-01  3.54353177e-01
   2.03486760e-01 -2.99419093e-02  1.57604522e-01 -3.31118130e-03
  -8.45660533e-02  2.52167370e-01 -8.82860611e-02 -3.87437400e-02
  -1.72947243e-01 -2.66149403e-01  4.62372136e-02  7.60303566e-02
  -5.12375001e-01  4.30919553e-01 -9.11132125e-02 -1.95835982e-01
  -6.52318988e-01  2.24765501e-01  4.57755116e-02  1.79294474e-01]
 [-1.39637798e-01  3.43753142e-01  4.05281653e-01 -1.26039725e-01
  -3.23838156e-01 -1.21687791e-01 -6.38530997e-01  6.24338284e-01
  -4.64839974e-02 -7.73207080e-02  1.83103228e-01  1.07263972e-02
  -2.10543886e-01  5.12914504e-01 -3.57631247e-01 -5.70205405e-02
  -1.47948419e-01 -1.20489940e-01 -5.98755913e-01 -2.82531138e-01
   5.79547160e-02  9.00652073e-03 -7.12964020e-01  1.64502772e-01
  -4.20052554e-01  1.29030834e-01  1.75902913e-01 -1.10030513e-01
  -4.37234202e-01 -3.64749332e-01 -2.08276606e-01  1.07010310e-01
   4.85658045e-02  2.58017610e-02 -5.16638592e-02 -1.02471118e-02
   8.68772401e-02  2.29210270e-02 -3.77490942e-02  2.53815407e-01
   2.90680316e-01  8.28326125e-02 -7.60044820e-02 -1.72627245e-02
   1.30570943e-01  2.27736767e-01 -2.84104149e-03 -3.47032599e-01
   9.41626243e-02  6.22676794e-02 -2.02301436e-01 -1.68072335e-02
   2.40967930e-01  3.59704434e-02 -3.09066492e-01 -3.80187681e-01
   2.92795950e-01  1.18172042e-01  2.49129043e-01  5.29722224e-02
   8.70177856e-02 -3.63676361e-01  2.86516118e-02  1.87689730e-01]
 [ 9.68372078e-02 -9.97330048e-03  1.35406016e-01  1.73651539e-01
  -2.93559339e-01  7.77090700e-02  6.00360600e-02  1.88478594e-01
  -2.62045545e-01  1.57109491e-01 -1.97470177e-01 -3.01271745e-03
  -2.27544468e-02  2.36003830e-01 -1.79763794e-01 -2.59621648e-01
   3.30931598e-01 -9.24908484e-02  7.26448497e-02  1.60616525e-01
  -1.15992666e-01 -8.91859935e-02  1.28858028e-01 -6.27170026e-01
   8.06281224e-02  1.37908167e-01 -4.32236445e-01  4.78844594e-03
   2.49333951e-02  1.16398275e-01 -1.60692757e-01 -7.36584671e-02
  -3.32819817e-01 -8.45665740e-02  2.01129430e-01  1.11281579e-01
   1.09767792e-01 -4.63335038e-02 -1.03593622e-01  6.29682147e-01
   2.63334633e-02  5.54590435e-02  3.44499848e-02  2.78145157e-01
  -6.06852098e-02 -4.72647298e-01  4.90500813e-01  1.57948118e-01
   3.26218497e-01 -1.35493881e-01 -1.11142430e-01  1.10397037e-01
   1.03608087e-01 -1.46266042e-01  3.29851797e-01 -3.02742855e-01
  -4.82274925e-01 -1.79742745e-01 -2.40534157e-01  2.51538734e-01
   1.58697889e-01  5.54397152e-02 -1.89873333e-01  5.82829994e-03]]